  0
SECTION
  2
BLOCKS
  0
ENDSEC
  0
SECTION
  2
ENTITIES
  0
LINE
  8
0
 10
138.664
 20
-119.942
 11
140.286
 21
-118.858
  0
LINE
  8
0
 10
140.286
 20
-118.858
 11
141.37
 21
-117.236
  0
LINE
  8
0
 10
141.37
 20
-117.236
 11
148.298
 21
-94.1497
  0
LINE
  8
0
 10
148.298
 20
-94.1497
 11
148.679
 21
-92.2363
  0
LINE
  8
0
 10
148.679
 20
-92.2363
 11
148.683
 21
-27.9425
  0
LINE
  8
0
 10
148.683
 20
-27.9425
 11
148.302
 21
-26.0291
  0
LINE
  8
0
 10
148.302
 20
-26.0291
 11
147.218
 21
-24.407
  0
LINE
  8
0
 10
147.218
 20
-24.407
 11
145.596
 21
-23.3231
  0
LINE
  8
0
 10
145.596
 20
-23.3231
 11
143.683
 21
-22.9425
  0
LINE
  8
0
 10
143.683
 20
-22.9425
 11
97.8206
 21
-22.9425
  0
LINE
  8
0
 10
97.8206
 20
-22.9425
 11
97.208
 21
-22.0257
  0
LINE
  8
0
 10
97.208
 20
-22.0257
 11
95.5859
 21
-20.9418
  0
LINE
  8
0
 10
95.5859
 20
-20.9418
 11
93.6725
 21
-20.5612
  0
LINE
  8
0
 10
93.6725
 20
-20.5612
 11
79.5753
 21
-20.5612
  0
LINE
  8
0
 10
79.5753
 20
-20.5612
 11
79.2419
 21
-18.8853
  0
LINE
  8
0
 10
79.2419
 20
-18.8853
 11
78.158
 21
-17.2632
  0
LINE
  8
0
 10
78.158
 20
-17.2632
 11
76.5359
 21
-16.1794
  0
LINE
  8
0
 10
76.5359
 20
-16.1794
 11
74.6225
 21
-15.7988
  0
LINE
  8
0
 10
74.6225
 20
-15.7988
 11
55.5725
 21
-15.7988
  0
LINE
  8
0
 10
55.5725
 20
-15.7988
 11
53.6591
 21
-16.1794
  0
LINE
  8
0
 10
53.6591
 20
-16.1794
 11
52.037
 21
-17.2632
  0
LINE
  8
0
 10
52.037
 20
-17.2632
 11
50.9531
 21
-18.8853
  0
LINE
  8
0
 10
50.9531
 20
-18.8853
 11
50.6197
 21
-20.5612
  0
LINE
  8
0
 10
50.6197
 20
-20.5612
 11
36.5225
 21
-20.5612
  0
LINE
  8
0
 10
36.5225
 20
-20.5612
 11
34.6091
 21
-20.9418
  0
LINE
  8
0
 10
34.6091
 20
-20.9418
 11
32.987
 21
-22.0257
  0
LINE
  8
0
 10
32.987
 20
-22.0257
 11
31.9031
 21
-23.6478
  0
LINE
  8
0
 10
31.9031
 20
-23.6478
 11
31.5225
 21
-25.5612
  0
LINE
  8
0
 10
31.5225
 20
-25.5612
 11
31.5225
 21
-30.0862
  0
LINE
  8
0
 10
31.5225
 20
-30.0862
 11
17.4725
 21
-30.0862
  0
LINE
  8
0
 10
17.4725
 20
-30.0862
 11
15.5591
 21
-30.4668
  0
LINE
  8
0
 10
15.5591
 20
-30.4668
 11
13.937
 21
-31.5507
  0
LINE
  8
0
 10
13.937
 20
-31.5507
 11
12.8531
 21
-33.1728
  0
LINE
  8
0
 10
12.8531
 20
-33.1728
 11
12.4725
 21
-35.0862
  0
LINE
  8
0
 10
12.4725
 20
-35.0862
 11
12.4725
 21
-92.2363
  0
LINE
  8
0
 10
12.4725
 20
-92.2363
 11
12.8531
 21
-94.1497
  0
LINE
  8
0
 10
12.8531
 20
-94.1497
 11
13.937
 21
-95.7718
  0
LINE
  8
0
 10
13.937
 20
-95.7718
 11
15.5591
 21
-96.8557
  0
LINE
  8
0
 10
15.5591
 20
-96.8557
 11
17.4725
 21
-97.2363
  0
LINE
  8
0
 10
17.4725
 20
-97.2363
 11
36.5225
 21
-97.2363
  0
LINE
  8
0
 10
36.5225
 20
-97.2363
 11
38.4359
 21
-96.8557
  0
LINE
  8
0
 10
38.4359
 20
-96.8557
 11
40.058
 21
-95.7718
  0
LINE
  8
0
 10
40.058
 20
-95.7718
 11
41.1419
 21
-94.1497
  0
LINE
  8
0
 10
41.1419
 20
-94.1497
 11
41.5225
 21
-92.2363
  0
LINE
  8
0
 10
41.5225
 20
-92.2363
 11
41.5225
 21
-87.7112
  0
LINE
  8
0
 10
41.5225
 20
-87.7112
 11
55.5725
 21
-87.7112
  0
LINE
  8
0
 10
55.5725
 20
-87.7112
 11
57.4859
 21
-87.3306
  0
LINE
  8
0
 10
57.4859
 20
-87.3306
 11
59.108
 21
-86.2468
  0
LINE
  8
0
 10
59.108
 20
-86.2468
 11
60.1919
 21
-84.6246
  0
LINE
  8
0
 10
60.1919
 20
-84.6246
 11
60.5253
 21
-82.9487
  0
LINE
  8
0
 10
60.5253
 20
-82.9487
 11
69.6225
 21
-82.9487
  0
LINE
  8
0
 10
69.6225
 20
-82.9487
 11
69.6225
 21
-104.143
  0
LINE
  8
0
 10
69.6225
 20
-104.143
 11
70.0031
 21
-106.056
  0
LINE
  8
0
 10
70.0031
 20
-106.056
 11
71.087
 21
-107.678
  0
LINE
  8
0
 10
71.087
 20
-107.678
 11
72.7091
 21
-108.762
  0
LINE
  8
0
 10
72.7091
 20
-108.762
 11
74.6225
 21
-109.143
  0
LINE
  8
0
 10
74.6225
 20
-109.143
 11
136.751
 21
-120.323
  0
LINE
  8
0
 10
136.751
 20
-120.323
 11
138.664
 21
-119.942
  0
LINE
  8
0
 10
113.788
 20
-33.7488
 11
113.523
 21
-33.6389
  0
LINE
  8
0
 10
113.523
 20
-33.6389
 11
113.295
 21
-33.4641
  0
LINE
  8
0
 10
113.295
 20
-33.4641
 11
113.12
 21
-33.2363
  0
LINE
  8
0
 10
113.12
 20
-33.2363
 11
113.01
 21
-32.9709
  0
LINE
  8
0
 10
113.01
 20
-32.9709
 11
112.973
 21
-32.6862
  0
LINE
  8
0
 10
112.973
 20
-32.6862
 11
113.01
 21
-32.4016
  0
LINE
  8
0
 10
113.01
 20
-32.4016
 11
113.12
 21
-32.1362
  0
LINE
  8
0
 10
113.12
 20
-32.1362
 11
113.295
 21
-31.9084
  0
LINE
  8
0
 10
113.295
 20
-31.9084
 11
113.523
 21
-31.7336
  0
LINE
  8
0
 10
113.523
 20
-31.7336
 11
113.788
 21
-31.6237
  0
LINE
  8
0
 10
113.788
 20
-31.6237
 11
114.072
 21
-31.5862
  0
LINE
  8
0
 10
114.072
 20
-31.5862
 11
114.357
 21
-31.6237
  0
LINE
  8
0
 10
114.357
 20
-31.6237
 11
114.622
 21
-31.7336
  0
LINE
  8
0
 10
114.622
 20
-31.7336
 11
114.85
 21
-31.9084
  0
LINE
  8
0
 10
114.85
 20
-31.9084
 11
115.025
 21
-32.1362
  0
LINE
  8
0
 10
115.025
 20
-32.1362
 11
115.135
 21
-32.4016
  0
LINE
  8
0
 10
115.135
 20
-32.4016
 11
115.173
 21
-32.6862
  0
LINE
  8
0
 10
115.173
 20
-32.6862
 11
115.135
 21
-32.9709
  0
LINE
  8
0
 10
115.135
 20
-32.9709
 11
115.025
 21
-33.2363
  0
LINE
  8
0
 10
115.025
 20
-33.2363
 11
114.85
 21
-33.4641
  0
LINE
  8
0
 10
114.85
 20
-33.4641
 11
114.622
 21
-33.6389
  0
LINE
  8
0
 10
114.622
 20
-33.6389
 11
114.357
 21
-33.7488
  0
LINE
  8
0
 10
114.357
 20
-33.7488
 11
114.072
 21
-33.7862
  0
LINE
  8
0
 10
114.072
 20
-33.7862
 11
113.788
 21
-33.7488
  0
LINE
  8
0
 10
55.8878
 20
-40.9488
 11
55.6225
 21
-40.8389
  0
LINE
  8
0
 10
55.6225
 20
-40.8389
 11
55.3947
 21
-40.6641
  0
LINE
  8
0
 10
55.3947
 20
-40.6641
 11
55.2199
 21
-40.4362
  0
LINE
  8
0
 10
55.2199
 20
-40.4362
 11
55.11
 21
-40.1709
  0
LINE
  8
0
 10
55.11
 20
-40.1709
 11
55.0725
 21
-39.8862
  0
LINE
  8
0
 10
55.0725
 20
-39.8862
 11
55.11
 21
-39.6015
  0
LINE
  8
0
 10
55.11
 20
-39.6015
 11
55.2199
 21
-39.3362
  0
LINE
  8
0
 10
55.2199
 20
-39.3362
 11
55.3947
 21
-39.1084
  0
LINE
  8
0
 10
55.3947
 20
-39.1084
 11
55.6225
 21
-38.9336
  0
LINE
  8
0
 10
55.6225
 20
-38.9336
 11
55.8878
 21
-38.8237
  0
LINE
  8
0
 10
55.8878
 20
-38.8237
 11
56.1725
 21
-38.7862
  0
LINE
  8
0
 10
56.1725
 20
-38.7862
 11
56.4572
 21
-38.8237
  0
LINE
  8
0
 10
56.4572
 20
-38.8237
 11
56.7225
 21
-38.9336
  0
LINE
  8
0
 10
56.7225
 20
-38.9336
 11
56.9503
 21
-39.1084
  0
LINE
  8
0
 10
56.9503
 20
-39.1084
 11
57.1251
 21
-39.3362
  0
LINE
  8
0
 10
57.1251
 20
-39.3362
 11
57.235
 21
-39.6015
  0
LINE
  8
0
 10
57.235
 20
-39.6015
 11
57.2725
 21
-39.8862
  0
LINE
  8
0
 10
57.2725
 20
-39.8862
 11
57.235
 21
-40.1709
  0
LINE
  8
0
 10
57.235
 20
-40.1709
 11
57.1251
 21
-40.4362
  0
LINE
  8
0
 10
57.1251
 20
-40.4362
 11
56.9503
 21
-40.6641
  0
LINE
  8
0
 10
56.9503
 20
-40.6641
 11
56.7225
 21
-40.8389
  0
LINE
  8
0
 10
56.7225
 20
-40.8389
 11
56.4572
 21
-40.9488
  0
LINE
  8
0
 10
56.4572
 20
-40.9488
 11
56.1725
 21
-40.9863
  0
LINE
  8
0
 10
56.1725
 20
-40.9863
 11
55.8878
 21
-40.9488
  0
LINE
  8
0
 10
73.8878
 20
-60.0488
 11
73.6225
 21
-59.9389
  0
LINE
  8
0
 10
73.6225
 20
-59.9389
 11
73.3947
 21
-59.7641
  0
LINE
  8
0
 10
73.3947
 20
-59.7641
 11
73.2199
 21
-59.5362
  0
LINE
  8
0
 10
73.2199
 20
-59.5362
 11
73.11
 21
-59.271
  0
LINE
  8
0
 10
73.11
 20
-59.271
 11
73.0725
 21
-58.9863
  0
LINE
  8
0
 10
73.0725
 20
-58.9863
 11
73.11
 21
-58.7015
  0
LINE
  8
0
 10
73.11
 20
-58.7015
 11
73.2199
 21
-58.4362
  0
LINE
  8
0
 10
73.2199
 20
-58.4362
 11
73.3947
 21
-58.2084
  0
LINE
  8
0
 10
73.3947
 20
-58.2084
 11
73.6225
 21
-58.0336
  0
LINE
  8
0
 10
73.6225
 20
-58.0336
 11
73.8878
 21
-57.9237
  0
LINE
  8
0
 10
73.8878
 20
-57.9237
 11
74.1725
 21
-57.8862
  0
LINE
  8
0
 10
74.1725
 20
-57.8862
 11
74.4572
 21
-57.9237
  0
LINE
  8
0
 10
74.4572
 20
-57.9237
 11
74.7225
 21
-58.0336
  0
LINE
  8
0
 10
74.7225
 20
-58.0336
 11
74.9503
 21
-58.2084
  0
LINE
  8
0
 10
74.9503
 20
-58.2084
 11
75.1251
 21
-58.4362
  0
LINE
  8
0
 10
75.1251
 20
-58.4362
 11
75.235
 21
-58.7015
  0
LINE
  8
0
 10
75.235
 20
-58.7015
 11
75.2725
 21
-58.9863
  0
LINE
  8
0
 10
75.2725
 20
-58.9863
 11
75.235
 21
-59.271
  0
LINE
  8
0
 10
75.235
 20
-59.271
 11
75.1251
 21
-59.5362
  0
LINE
  8
0
 10
75.1251
 20
-59.5362
 11
74.9503
 21
-59.7641
  0
LINE
  8
0
 10
74.9503
 20
-59.7641
 11
74.7225
 21
-59.9389
  0
LINE
  8
0
 10
74.7225
 20
-59.9389
 11
74.4572
 21
-60.0488
  0
LINE
  8
0
 10
74.4572
 20
-60.0488
 11
74.1725
 21
-60.0862
  0
LINE
  8
0
 10
74.1725
 20
-60.0862
 11
73.8878
 21
-60.0488
  0
LINE
  8
0
 10
36.7878
 20
-64.7488
 11
36.5225
 21
-64.6389
  0
LINE
  8
0
 10
36.5225
 20
-64.6389
 11
36.2947
 21
-64.4641
  0
LINE
  8
0
 10
36.2947
 20
-64.4641
 11
36.1199
 21
-64.2363
  0
LINE
  8
0
 10
36.1199
 20
-64.2363
 11
36.01
 21
-63.9709
  0
LINE
  8
0
 10
36.01
 20
-63.9709
 11
35.9725
 21
-63.6862
  0
LINE
  8
0
 10
35.9725
 20
-63.6862
 11
36.01
 21
-63.4016
  0
LINE
  8
0
 10
36.01
 20
-63.4016
 11
36.1199
 21
-63.1362
  0
LINE
  8
0
 10
36.1199
 20
-63.1362
 11
36.2947
 21
-62.9084
  0
LINE
  8
0
 10
36.2947
 20
-62.9084
 11
36.5225
 21
-62.7336
  0
LINE
  8
0
 10
36.5225
 20
-62.7336
 11
36.7878
 21
-62.6237
  0
LINE
  8
0
 10
36.7878
 20
-62.6237
 11
37.0725
 21
-62.5862
  0
LINE
  8
0
 10
37.0725
 20
-62.5862
 11
37.3572
 21
-62.6237
  0
LINE
  8
0
 10
37.3572
 20
-62.6237
 11
37.6225
 21
-62.7336
  0
LINE
  8
0
 10
37.6225
 20
-62.7336
 11
37.8503
 21
-62.9084
  0
LINE
  8
0
 10
37.8503
 20
-62.9084
 11
38.0251
 21
-63.1362
  0
LINE
  8
0
 10
38.0251
 20
-63.1362
 11
38.135
 21
-63.4016
  0
LINE
  8
0
 10
38.135
 20
-63.4016
 11
38.1725
 21
-63.6862
  0
LINE
  8
0
 10
38.1725
 20
-63.6862
 11
38.135
 21
-63.9709
  0
LINE
  8
0
 10
38.135
 20
-63.9709
 11
38.0251
 21
-64.2363
  0
LINE
  8
0
 10
38.0251
 20
-64.2363
 11
37.8503
 21
-64.4641
  0
LINE
  8
0
 10
37.8503
 20
-64.4641
 11
37.6225
 21
-64.6389
  0
LINE
  8
0
 10
37.6225
 20
-64.6389
 11
37.3572
 21
-64.7488
  0
LINE
  8
0
 10
37.3572
 20
-64.7488
 11
37.0725
 21
-64.7862
  0
LINE
  8
0
 10
37.0725
 20
-64.7862
 11
36.7878
 21
-64.7488
  0
LINE
  8
0
 10
92.8878
 20
-83.7488
 11
92.6225
 21
-83.6389
  0
LINE
  8
0
 10
92.6225
 20
-83.6389
 11
92.3947
 21
-83.4641
  0
LINE
  8
0
 10
92.3947
 20
-83.4641
 11
92.2199
 21
-83.2363
  0
LINE
  8
0
 10
92.2199
 20
-83.2363
 11
92.11
 21
-82.9709
  0
LINE
  8
0
 10
92.11
 20
-82.9709
 11
92.0725
 21
-82.6862
  0
LINE
  8
0
 10
92.0725
 20
-82.6862
 11
92.11
 21
-82.4016
  0
LINE
  8
0
 10
92.11
 20
-82.4016
 11
92.2199
 21
-82.1362
  0
LINE
  8
0
 10
92.2199
 20
-82.1362
 11
92.3947
 21
-81.9084
  0
LINE
  8
0
 10
92.3947
 20
-81.9084
 11
92.6225
 21
-81.7336
  0
LINE
  8
0
 10
92.6225
 20
-81.7336
 11
92.8878
 21
-81.6237
  0
LINE
  8
0
 10
92.8878
 20
-81.6237
 11
93.1725
 21
-81.5862
  0
LINE
  8
0
 10
93.1725
 20
-81.5862
 11
93.4572
 21
-81.6237
  0
LINE
  8
0
 10
93.4572
 20
-81.6237
 11
93.7225
 21
-81.7336
  0
LINE
  8
0
 10
93.7225
 20
-81.7336
 11
93.9503
 21
-81.9084
  0
LINE
  8
0
 10
93.9503
 20
-81.9084
 11
94.1251
 21
-82.1362
  0
LINE
  8
0
 10
94.1251
 20
-82.1362
 11
94.235
 21
-82.4016
  0
LINE
  8
0
 10
94.235
 20
-82.4016
 11
94.2725
 21
-82.6862
  0
LINE
  8
0
 10
94.2725
 20
-82.6862
 11
94.235
 21
-82.9709
  0
LINE
  8
0
 10
94.235
 20
-82.9709
 11
94.1251
 21
-83.2363
  0
LINE
  8
0
 10
94.1251
 20
-83.2363
 11
93.9503
 21
-83.4641
  0
LINE
  8
0
 10
93.9503
 20
-83.4641
 11
93.7225
 21
-83.6389
  0
LINE
  8
0
 10
93.7225
 20
-83.6389
 11
93.4572
 21
-83.7488
  0
LINE
  8
0
 10
93.4572
 20
-83.7488
 11
93.1725
 21
-83.7862
  0
LINE
  8
0
 10
93.1725
 20
-83.7862
 11
92.8878
 21
-83.7488
  0
LINE
  8
0
 10
127.088
 20
-88.1488
 11
126.822
 21
-88.0389
  0
LINE
  8
0
 10
126.822
 20
-88.0389
 11
126.595
 21
-87.8641
  0
LINE
  8
0
 10
126.595
 20
-87.8641
 11
126.42
 21
-87.6362
  0
LINE
  8
0
 10
126.42
 20
-87.6362
 11
126.31
 21
-87.3709
  0
LINE
  8
0
 10
126.31
 20
-87.3709
 11
126.273
 21
-87.0862
  0
LINE
  8
0
 10
126.273
 20
-87.0862
 11
126.31
 21
-86.8015
  0
LINE
  8
0
 10
126.31
 20
-86.8015
 11
126.42
 21
-86.5362
  0
LINE
  8
0
 10
126.42
 20
-86.5362
 11
126.595
 21
-86.3084
  0
LINE
  8
0
 10
126.595
 20
-86.3084
 11
126.822
 21
-86.1336
  0
LINE
  8
0
 10
126.822
 20
-86.1336
 11
127.088
 21
-86.0237
  0
LINE
  8
0
 10
127.088
 20
-86.0237
 11
127.372
 21
-85.9863
  0
LINE
  8
0
 10
127.372
 20
-85.9863
 11
127.657
 21
-86.0237
  0
LINE
  8
0
 10
127.657
 20
-86.0237
 11
127.923
 21
-86.1336
  0
LINE
  8
0
 10
127.923
 20
-86.1336
 11
128.15
 21
-86.3084
  0
LINE
  8
0
 10
128.15
 20
-86.3084
 11
128.325
 21
-86.5362
  0
LINE
  8
0
 10
128.325
 20
-86.5362
 11
128.435
 21
-86.8015
  0
LINE
  8
0
 10
128.435
 20
-86.8015
 11
128.473
 21
-87.0862
  0
LINE
  8
0
 10
128.473
 20
-87.0862
 11
128.435
 21
-87.3709
  0
LINE
  8
0
 10
128.435
 20
-87.3709
 11
128.325
 21
-87.6362
  0
LINE
  8
0
 10
128.325
 20
-87.6362
 11
128.15
 21
-87.8641
  0
LINE
  8
0
 10
128.15
 20
-87.8641
 11
127.923
 21
-88.0389
  0
LINE
  8
0
 10
127.923
 20
-88.0389
 11
127.657
 21
-88.1488
  0
LINE
  8
0
 10
127.657
 20
-88.1488
 11
127.372
 21
-88.1862
  0
LINE
  8
0
 10
127.372
 20
-88.1862
 11
127.088
 21
-88.1488
  0
ENDSEC
  0
SECTION
  2
OBJECTS
  0
DICTIONARY
  0
ENDSEC
  0
EOF
